Sun. Jun. 23, 2013             LANDSAT 5                 Time: 22:34
                         Image Assessment System
                           GCP Residual Report
----------------------------------------------------------------------------
WOID: L7637067            Path/Row: 123 / 039

L0R Reference Image: L51BJC1087253020100_HDF.131750324
Acquisition Date: Sep 10, 1987

Band Number:  5

GeoCover date for each WRS-2 path/row used:
Path  Row   Date
123   039   2002-07-09


Point_ID      Latitude  Longitude    Height       Across    Along    Residual  Residual
                                                   Scan      Scan      In y      in x
                                                 Residual  Residual    dir       dir
                (deg)     (deg)     (meters)     (meters)  (meters)  (meters)  (meters)

1230390003   30.557064  114.263119    47.545       3.105    -4.979     3.774    -4.496
1230390004   30.595490  114.262531    19.869      -1.003    -0.788    -0.886    -0.923
1230390005   30.639356  114.397891    16.034       4.495    -0.026     4.452     0.607
1230390008   30.593502  114.298422    24.360       3.495     1.469     3.252     1.947
1230390009   30.662270  114.441871    19.063       3.014    -4.737     3.647    -4.271
1230390010   30.685322  114.356938     8.343      -2.666    -3.324    -2.179    -3.671
1230390014   30.800281  114.469657    12.044       3.561    -1.884     3.788    -1.367
1230390016   30.962206  114.658784    15.000       6.768     2.945     6.288     3.869
1230390020   30.692212  114.256393     8.657      -0.203    -6.716     0.740    -6.683
1230390021   29.858830  114.242932    29.426      -2.487     3.138    -2.914     2.755
1230390022   30.520495  114.371249    21.647       4.930    -1.154     5.042    -0.448
1230390023   30.406797  114.079586    12.131      -1.729     2.709    -2.098     2.440
1230390025   30.845695  114.530537     6.067      -4.100     6.931    -5.043     6.292
1230390026   30.593772  114.319694    14.211       3.619    -2.495     3.933    -1.962
1230390027   29.543311  113.377487    66.833       0.364    -2.711     0.750    -2.632
1230390028   30.921771  114.673240    15.000      -1.498     0.146    -1.513    -0.067
1230390029   30.519592  114.247180    12.853       3.631     0.221     3.563     0.731
1230390030   30.383235  114.301939     9.115       0.149     4.076    -0.432     4.059
1230390033   30.537261  114.189017    12.585      -5.052     4.257    -5.608     3.506
1230390034   30.546459  114.360896    20.225       0.892     2.414     0.538     2.517
1230390035   30.777256  114.481046    10.017      -2.256     5.288    -2.985     4.923
1230390036   29.894334  114.012149    23.991       0.009    -3.816     0.546    -3.780
1230390038   30.613732  114.214354    12.449       3.075     0.639     2.954     1.066
1230390039   30.731220  114.349763    20.364      -4.147     1.571    -4.334     0.973
1230390042   30.935371  113.856958    11.625       1.083     1.596     0.852     1.733
1230390043   31.049875  113.174015   252.704      -0.798    -1.708    -0.539    -1.801
1230390044   30.543718  114.298924    22.813      -1.532    -0.427    -1.463    -0.640
1230390046   30.266673  113.839880     8.865       1.577     1.149     1.400     1.361
1230390047   30.902967  114.668758    17.854       4.841     2.498     4.439     3.156
1230390049   29.900833  114.326881    15.257       0.934    -4.577     1.567    -4.403
1230390053   30.897235  114.773907    18.781      -4.081    -4.037    -3.487    -4.578
1230390054   30.818914  114.294826    48.759      -0.897    -2.862    -0.490    -2.963
1230390056   29.702835  112.843661    22.611      -4.438    -1.466    -4.173    -2.078
1230390058   30.843086  114.385308    10.963      -1.340    -4.094    -0.757    -4.246
1230390060   30.599878  114.509386    13.004      -2.135    -1.788    -1.871    -2.074
1230390063   29.843233  114.315349    27.908       0.024     1.808    -0.240     1.794
1230390064   30.397615  114.353286     6.000       0.093     3.093    -0.349     3.077
1230390065   30.946049  114.347199    26.053       0.630     1.239     0.446     1.316
1230390067   30.934678  114.029861    32.887      -0.995    -2.134    -0.686    -2.254
1230390071   30.577338  114.252856    17.728       2.076    -6.295     2.939    -5.945
1230390072   30.192646  114.176909     8.774       6.586     4.486     5.887     5.375
1230390076   30.364964  114.286351   140.504       0.807     6.090    -0.065     6.146
1230390077   30.840821  114.347612     9.124       0.556     0.632     0.458     0.704
1230390079   31.024676  113.300699   117.477       1.376     2.848     0.973     3.014
1230390081   30.539994  114.513477    21.354      -0.924    -0.113    -0.907    -0.243
1230390082   29.708878  112.797881    61.062       1.252     1.944     0.974     2.103
1230390083   30.904935  114.357686    25.807      -0.214    -2.219     0.096    -2.230
1230390084   29.480941  113.963037    44.193       5.918     1.186     5.688     2.017
1230390087   30.472100  114.563492    39.096       0.353    -4.841     1.024    -4.749
1230390089   30.656056  114.154114    11.434       1.859    -3.695     2.360    -3.399
1230390091   30.650851  113.840414    15.511      -0.068    -2.135     0.234    -2.124
1230390093   29.747495  114.182296    90.243      -4.836     6.076    -5.658     5.330
1230390094   30.101307  113.817088    13.000       6.808     6.004     5.894     6.910
1230390096   30.414591  114.227153     5.000       2.467    -2.778     2.832    -2.405
1230390097   29.962223  113.916940    18.888      -2.911     3.224    -3.342     2.780
1230390099   29.922073  113.994039    29.566       4.011    -2.278     4.293    -1.688
1230390101   30.350331  114.189170    91.205      -0.479     5.175    -1.208     5.059
1230390102   29.813304  113.456779    13.340      -0.505    -2.733    -0.108    -2.777
1230390103   29.748112  113.908856    64.084      -0.862    -1.989    -0.574    -2.093
1230390104   30.826914  114.320487    37.029      -3.254     0.367    -3.280    -0.094
1230390105   30.353897  114.209249    70.064      -2.383     3.113    -2.804     2.746
1230390108   30.794047  114.751383    11.886      -3.596     1.504    -3.785     0.983
1230390109   30.764660  113.856911    11.994       0.245    -5.893     1.073    -5.803
1230390110   30.698632  114.537997    11.337       2.476    -0.721     2.548    -0.367
1230390114   30.927771  114.445706    45.408       2.085     1.251     1.886     1.532
1230390115   30.373339  113.449140    17.053       2.555     0.222     2.505     0.581
1230390116   30.551046  114.642624    25.602      -3.896    -3.467    -3.382    -3.987
1230390120   30.020988  114.238254    12.102      -1.826     2.661    -2.191     2.376
1230390121   29.634336  113.504772    26.426       1.118    -0.738     1.214    -0.571
1230390123   30.345323  114.271347    66.571       0.536     3.015     0.101     3.062
1230390126   30.922079  113.907085    22.990      -3.200    -0.546    -3.092    -0.990
1230390128   30.659589  114.420500    12.505      -1.986     2.680    -2.350     2.375
1230390129   30.373635  114.264179    87.494      -0.918    -0.127    -0.896    -0.256
1230390136   30.806095  114.699217    10.336       0.002     4.374    -0.621     4.335
1230390137   30.402339  114.562825     4.000      -4.796    -2.721    -4.378    -3.376
1230390138   30.924703  114.387869    16.428      -6.592     0.012    -6.539    -0.915
1230390140   30.852966  113.936667     8.442      -4.271    -1.643    -3.999    -2.227
1230390141   30.583049  114.197082     6.538      -1.611    -0.034    -1.594    -0.261
1230390143   29.881318  114.274393    14.650       0.876    -3.922     1.417    -3.763
1230390144   29.609033  113.717823    21.608      -0.182    -2.481     0.172    -2.483
1230390145   30.613504  114.341321    12.294       0.661     0.111     0.635     0.202
1230390146   30.634678  113.982608    14.584      -1.751     2.038    -2.021     1.773
1230390147   31.076449  113.105452   189.156       1.811     4.114     1.228     4.328
1230390150   30.141697  114.268648    11.712       0.396     2.947    -0.030     2.976
1230390151   30.750211  114.807918    10.997       3.534    -6.653     4.428    -6.099
1230390152   30.868915  114.317546    27.994      -2.001     2.633    -2.356     2.328
1230390153   30.408181  114.446019    25.587       1.477    -2.653     1.831    -2.421
1230390154   30.511571  114.041643    22.061      -0.445    -1.776    -0.192    -1.823
1230390155   30.610383  114.174524    14.782      -3.182    -1.734    -2.911    -2.167
1230390157   30.360066  114.076559    20.733      -0.143     2.680    -0.523     2.634
1230390159   30.340692  113.414944    11.134       1.637     2.611     1.258     2.818
1230390160   30.276941  113.077260    13.478       0.018     1.589    -0.196     1.578
1230390161   30.835590  113.515679     5.953       5.119    -6.230     5.952    -5.452
1230390162   30.632548  114.648805    42.599      -1.816    -6.365    -0.913    -6.566
1230390163   30.109554  114.277545    18.150       1.983     3.158     1.513     3.409
1230390167   30.467338  114.127399    14.829      -4.984    -0.083    -4.928    -0.785
1230390168   30.839099  114.245360    31.919      -0.235    -2.963     0.180    -2.970
1230390171   29.997668  113.855187    14.574      -4.439    -0.664    -4.303    -1.287
1230390172   30.172557  114.332245    25.622       0.608     1.711     0.355     1.780
1230390174   30.981787  114.377015    13.181      -6.454     1.852    -6.660     0.929
1230390175   31.038328  114.386864    39.729       5.664     4.268     5.011     5.024
1230390177   30.820417  114.525223    10.100       2.655    -1.289     2.807    -0.905
1230390178   29.854213  112.857926    10.289       7.210    -1.362     7.341    -0.326
1230390179   30.323876  114.039252     9.067      -0.534     0.813    -0.645     0.730
1230390181   30.446676  114.452993    36.018       1.919    -3.701     2.417    -3.397
1230390182   29.861927  114.346382    47.967      -0.646    -4.929     0.051    -4.976
1230390183   30.559981  113.995636    33.849      -0.661     3.350    -1.127     3.225
1230390184   30.382148  113.469959    17.224      -4.285     1.875    -4.503     1.254
1230390185   30.403346  114.298247    25.781      -1.968     3.596    -2.462     3.285
1230390188   30.196582  114.237140     7.232      -0.122     5.629    -0.921     5.559
1230390191   29.920225  113.943978    21.924      -1.335    -4.937    -0.625    -5.079
1230390192   30.287337  113.170409     8.096       1.747     2.276     1.417     2.501
1230390195   30.588747  114.049993    12.497       4.645    -6.298     5.487    -5.585
1230390196   30.032298  113.880123    11.537      -5.476     0.385    -5.480    -0.394
1230390197   30.500788  114.503007    42.072       4.886    -1.957     5.111    -1.251
1230390198   30.542036  114.225738     8.000       1.309    -0.710     1.394    -0.520
1230390202   30.858658  114.410310    10.156      -3.067     5.483    -3.815     5.002
1230390207   30.483388  114.394016    10.382       4.993    -3.593     5.448    -2.856
1230390208   30.551451  113.122171     9.449      -4.327     0.398    -4.330    -0.213
1230390210   31.052702  113.884970    15.729       1.310    -4.423     1.920    -4.198
1230390213   29.682181  113.405544     9.943      -4.827    -3.143    -4.329    -3.796
1230390216   30.672678  114.823640     9.192       0.912    -4.060     1.464    -3.898
1230390220   30.788004  113.938137    13.229       0.724    -4.060     1.289    -3.920
1230390222   30.043341  114.275050     7.872       0.085    -2.951     0.496    -2.913
1230390225   30.430197  114.085316    43.032      -5.952     0.747    -6.004    -0.100
1230390226   30.861449  114.437686    25.255       1.459     3.666     0.926     3.838
1230390227   30.933632  113.958276    19.000       0.662     1.553     0.439     1.632
1230390229   30.733262  114.625674    10.395      -1.586     0.779    -1.689     0.548
1230390230   30.473692  114.443955    23.449       2.451    -4.866     3.108    -4.477
1230390231   30.453289  114.723574     9.168      -0.244     4.769    -0.924     4.691
1230390233   30.873378  114.710581    26.681       0.771     2.978     0.337     3.059
1230390234   30.778657  114.636775    13.755       4.663    -0.585     4.696     0.075
1230390238   30.381676  114.089406    16.883       2.568     2.242     2.225     2.584
1230390241   30.437259  114.129559    21.299      -2.596     0.218    -2.605    -0.150
1230390244   30.964531  114.747371    31.497      -1.756     5.624    -2.538     5.327
1230390245   30.005096  113.587724     7.938      -1.212     4.140    -1.784     3.929
1230390246   30.844133  113.991581     8.144       1.449    -1.039     1.582    -0.826
1230390249   30.199365  114.288305    29.940       0.484     6.914    -0.503     6.918
1230390250   30.434493  114.473789    12.260       0.458    -0.226     0.479    -0.160
1230390252   30.616043  114.153128    12.128      -5.733    -2.848    -5.282    -3.630
1230390256   30.922942  114.534316    44.347      -0.052     1.550    -0.275     1.527
1230390257   30.762283  114.593566    28.247      -2.030     0.497    -2.089     0.206
